0 0.08933333333333333 0.22238658777120315 0.08666666666666667 0.18836291913214992
0 0.23866666666666667 0.19181459566074952 0.06266666666666666 0.1824457593688363
0 0.4066666666666667 0.16666666666666669 0.07866666666666666 0.1952662721893491
0 0.5386666666666666 0.13362919132149903 0.10666666666666666 0.1765285996055227
0 0.17099999999999999 0.38412228796844183 0.06733333333333333 0.22386587771203156
0 0.3353333333333333 0.3708086785009862 0.07466666666666666 0.1913214990138067
0 0.485 0.32248520710059175 0.06066666666666667 0.1854043392504931
0 0.646 0.2943786982248521 0.072 0.19230769230769232
0 0.262 0.599112426035503 0.072 0.20808678500986194
0 0.43133333333333335 0.5621301775147929 0.064 0.1952662721893491
0 0.5983333333333333 0.5172583826429981 0.074 0.19625246548323472
0 0.7573333333333333 0.4807692307692308 0.06666666666666667 0.1903353057199211
0 0.7273333333333333 0.6868836291913215 0.021333333333333333 0.03254437869822485
