0 0.08399999999999999 0.31170212765957445 0.10533333333333333 0.22127659574468087
0 0.252 0.27074468085106385 0.07733333333333334 0.18404255319148938
0 0.39266666666666666 0.2271276595744681 0.06533333333333333 0.19680851063829788
0 0.5476666666666666 0.11595744680851064 0.078 0.11063829787234043
0 0.193 0.5026595744680851 0.06999999999999999 0.20319148936170214
0 0.37 0.4452127659574468 0.064 0.19893617021276597
0 0.527 0.3952127659574468 0.062 0.18829787234042553
0 0.6809999999999999 0.33404255319148934 0.062 0.18936170212765957
0 0.3263333333333333 0.6882978723404255 0.05933333333333333 0.1446808510638298
0 0.5196666666666666 0.6664893617021277 0.074 0.18829787234042553
0 0.6843333333333333 0.5941489361702128 0.08066666666666666 0.21808510638297873
0 0.8316666666666667 0.5079787234042553 0.018 0.14361702127659576
